/*--------------------------------*- C++ -*----------------------------------*\
  =========                 |
  \\      /  F ield         | OpenFOAM: The Open Source CFD Toolbox
   \\    /   O peration     | Website:  https://openfoam.org
    \\  /    A nd           | Version:  9
     \\/     M anipulation  |
\*---------------------------------------------------------------------------*/
FoamFile
{
    format      binary;
    class       cellSet;
    location    "constant/polyMesh/sets";
    object      refineSet;
}
// * * * * * * * * * * * * * * * * * * * * * * * * * * * * * * * * * * * * * //


3300
(
1800 
1801 
1802 
1803 
1804 
1805 
1806 
1807 
1808 
1809 
1810 
1811 
1812 
1813 
1814 
1815 
1816 
1817 
1818 
1819 
1820 
1821 
1822 
1823 
1824 
1825 
1826 
1827 
1828 
1829 
1830 
1831 
1832 
1833 
1834 
1835 
1836 
1837 
1838 
1839 
1840 
1841 
1842 
1843 
1844 
1845 
1846 
1847 
1848 
1849 
1850 
1851 
1852 
1853 
1854 
1855 
1856 
1857 
1858 
1859 
1860 
1861 
1862 
1863 
1864 
1865 
1866 
1867 
1868 
1869 
1870 
1871 
1872 
1873 
1874 
1875 
1876 
1877 
1878 
1879 
1880 
1881 
1882 
1883 
1884 
1885 
1886 
1887 
1888 
1889 
1890 
1891 
1892 
1893 
1894 
1895 
1896 
1897 
1898 
1899 
1900 
1901 
1902 
1903 
1904 
1905 
1906 
1907 
1908 
1909 
1910 
1911 
1912 
1913 
1914 
1915 
1916 
1917 
1918 
1919 
1920 
1921 
1922 
1923 
1924 
1925 
1926 
1927 
1928 
1929 
1930 
1931 
1932 
1933 
1934 
1935 
1936 
1937 
1938 
1939 
1940 
1941 
1942 
1943 
1944 
1945 
1946 
1947 
1948 
1949 
1950 
1951 
1952 
1953 
1954 
1955 
1956 
1957 
1958 
1959 
1960 
1961 
1962 
1963 
1964 
1965 
1966 
1967 
1968 
1969 
1970 
1971 
1972 
1973 
1974 
1975 
1976 
1977 
1978 
1979 
1980 
1981 
1982 
1983 
1984 
1985 
1986 
1987 
1988 
1989 
1990 
1991 
1992 
1993 
1994 
1995 
1996 
1997 
1998 
1999 
2000 
2001 
2002 
2003 
2004 
2005 
2006 
2007 
2008 
2009 
2010 
2011 
2012 
2013 
2014 
2015 
2016 
2017 
2018 
2019 
2020 
2021 
2022 
2023 
2024 
2025 
2026 
2027 
2028 
2029 
2030 
2031 
2032 
2033 
2034 
2035 
2036 
2037 
2038 
2039 
2040 
2041 
2042 
2043 
2044 
2045 
2046 
2047 
2048 
2049 
2050 
2051 
2052 
2053 
2054 
2055 
2056 
2057 
2058 
2059 
2060 
2061 
2062 
2063 
2064 
2065 
2066 
2067 
2068 
2069 
2070 
2071 
2072 
2073 
2074 
2075 
2076 
2077 
2078 
2079 
2080 
2081 
2082 
2083 
2084 
2085 
2086 
2087 
2088 
2089 
2090 
2091 
2092 
2093 
2094 
2095 
2096 
2097 
2098 
2099 
2100 
2101 
2102 
2103 
2104 
2105 
2106 
2107 
2108 
2109 
2110 
2111 
2112 
2113 
2114 
2115 
2116 
2117 
2118 
2119 
2120 
2121 
2122 
2123 
2124 
2125 
2126 
2127 
2128 
2129 
2130 
2131 
2132 
2133 
2134 
2135 
2136 
2137 
2138 
2139 
2140 
2141 
2142 
2143 
2144 
2145 
2146 
2147 
2148 
2149 
2150 
2151 
2152 
2153 
2154 
2155 
2156 
2157 
2158 
2159 
2160 
2161 
2162 
2163 
2164 
2165 
2166 
2167 
2168 
2169 
2170 
2171 
2172 
2173 
2174 
2175 
2176 
2177 
2178 
2179 
2180 
2181 
2182 
2183 
2184 
2185 
2186 
2187 
2188 
2189 
2190 
2191 
2192 
2193 
2194 
2195 
2196 
2197 
2198 
2199 
2200 
2201 
2202 
2203 
2204 
2205 
2206 
2207 
2208 
2209 
2210 
2211 
2212 
2213 
2214 
2215 
2216 
2217 
2218 
2219 
2220 
2221 
2222 
2223 
2224 
2225 
2226 
2227 
2228 
2229 
2230 
2231 
2232 
2233 
2234 
2235 
2236 
2237 
2238 
2239 
2240 
2241 
2242 
2243 
2244 
2245 
2246 
2247 
2248 
2249 
2250 
2251 
2252 
2253 
2254 
2255 
2256 
2257 
2258 
2259 
2260 
2261 
2262 
2263 
2264 
2265 
2266 
2267 
2268 
2269 
2270 
2271 
2272 
2273 
2274 
2275 
2276 
2277 
2278 
2279 
2280 
2281 
2282 
2283 
2284 
2285 
2286 
2287 
2288 
2289 
2290 
2291 
2292 
2293 
2294 
2295 
2296 
2297 
2298 
2299 
2300 
2301 
2302 
2303 
2304 
2305 
2306 
2307 
2308 
2309 
2310 
2311 
2312 
2313 
2314 
2315 
2316 
2317 
2318 
2319 
2320 
2321 
2322 
2323 
2324 
2325 
2326 
2327 
2328 
2329 
2330 
2331 
2332 
2333 
2334 
2335 
2336 
2337 
2338 
2339 
2340 
2341 
2342 
2343 
2344 
2345 
2346 
2347 
2348 
2349 
2350 
2351 
2352 
2353 
2354 
2355 
2356 
2357 
2358 
2359 
2360 
2361 
2362 
2363 
2364 
2365 
2366 
2367 
2368 
2369 
2370 
2371 
2372 
2373 
2374 
2375 
2376 
2377 
2378 
2379 
2380 
2381 
2382 
2383 
2384 
2385 
2386 
2387 
2388 
2389 
2390 
2391 
2392 
2393 
2394 
2395 
2396 
2397 
2398 
2399 
2400 
2401 
2402 
2403 
2404 
2405 
2406 
2407 
2408 
2409 
2410 
2411 
2412 
2413 
2414 
2415 
2416 
2417 
2418 
2419 
2420 
2421 
2422 
2423 
2424 
2425 
2426 
2427 
2428 
2429 
2430 
2431 
2432 
2433 
2434 
2435 
2436 
2437 
2438 
2439 
2440 
2441 
2442 
2443 
2444 
2445 
2446 
2447 
2448 
2449 
2450 
2451 
2452 
2453 
2454 
2455 
2456 
2457 
2458 
2459 
2460 
2461 
2462 
2463 
2464 
2465 
2466 
2467 
2468 
2469 
2470 
2471 
2472 
2473 
2474 
2475 
2476 
2477 
2478 
2479 
2480 
2481 
2482 
2483 
2484 
2485 
2486 
2487 
2488 
2489 
2490 
2491 
2492 
2493 
2494 
2495 
2496 
2497 
2498 
2499 
2500 
2501 
2502 
2503 
2504 
2505 
2506 
2507 
2508 
2509 
2510 
2511 
2512 
2513 
2514 
2515 
2516 
2517 
2518 
2519 
2520 
2521 
2522 
2523 
2524 
2525 
2526 
2527 
2528 
2529 
2530 
2531 
2532 
2533 
2534 
2535 
2536 
2537 
2538 
2539 
2540 
2541 
2542 
2543 
2544 
2545 
2546 
2547 
2548 
2549 
2550 
2551 
2552 
2553 
2554 
2555 
2556 
2557 
2558 
2559 
2560 
2561 
2562 
2563 
2564 
2565 
2566 
2567 
2568 
2569 
2570 
2571 
2572 
2573 
2574 
2575 
2576 
2577 
2578 
2579 
2580 
2581 
2582 
2583 
2584 
2585 
2586 
2587 
2588 
2589 
2590 
2591 
2592 
2593 
2594 
2595 
2596 
2597 
2598 
2599 
2600 
2601 
2602 
2603 
2604 
2605 
2606 
2607 
2608 
2609 
2610 
2611 
2612 
2613 
2614 
2615 
2616 
2617 
2618 
2619 
2620 
2621 
2622 
2623 
2624 
2625 
2626 
2627 
2628 
2629 
2630 
2631 
2632 
2633 
2634 
2635 
2636 
2637 
2638 
2639 
2640 
2641 
2642 
2643 
2644 
2645 
2646 
2647 
2648 
2649 
2650 
2651 
2652 
2653 
2654 
2655 
2656 
2657 
2658 
2659 
2660 
2661 
2662 
2663 
2664 
2665 
2666 
2667 
2668 
2669 
2670 
2671 
2672 
2673 
2674 
2675 
2676 
2677 
2678 
2679 
2680 
2681 
2682 
2683 
2684 
2685 
2686 
2687 
2688 
2689 
2690 
2691 
2692 
2693 
2694 
2695 
2696 
2697 
2698 
2699 
2700 
2701 
2702 
2703 
2704 
2705 
2706 
2707 
2708 
2709 
2710 
2711 
2712 
2713 
2714 
2715 
2716 
2717 
2718 
2719 
2720 
2721 
2722 
2723 
2724 
2725 
2726 
2727 
2728 
2729 
2730 
2731 
2732 
2733 
2734 
2735 
2736 
2737 
2738 
2739 
2740 
2741 
2742 
2743 
2744 
2745 
2746 
2747 
2748 
2749 
2750 
2751 
2752 
2753 
2754 
2755 
2756 
2757 
2758 
2759 
2760 
2761 
2762 
2763 
2764 
2765 
2766 
2767 
2768 
2769 
2770 
2771 
2772 
2773 
2774 
2775 
2776 
2777 
2778 
2779 
2780 
2781 
2782 
2783 
2784 
2785 
2786 
2787 
2788 
2789 
2790 
2791 
2792 
2793 
2794 
2795 
2796 
2797 
2798 
2799 
2800 
2801 
2802 
2803 
2804 
2805 
2806 
2807 
2808 
2809 
2810 
2811 
2812 
2813 
2814 
2815 
2816 
2817 
2818 
2819 
2820 
2821 
2822 
2823 
2824 
2825 
2826 
2827 
2828 
2829 
2830 
2831 
2832 
2833 
2834 
2835 
2836 
2837 
2838 
2839 
2840 
2841 
2842 
2843 
2844 
2845 
2846 
2847 
2848 
2849 
2850 
2851 
2852 
2853 
2854 
2855 
2856 
2857 
2858 
2859 
2860 
2861 
2862 
2863 
2864 
2865 
2866 
2867 
2868 
2869 
2870 
2871 
2872 
2873 
2874 
2875 
2876 
2877 
2878 
2879 
2880 
2881 
2882 
2883 
2884 
2885 
2886 
2887 
2888 
2889 
2890 
2891 
2892 
2893 
2894 
2895 
2896 
2897 
2898 
2899 
5900 
5901 
5902 
5903 
5904 
5905 
5906 
5907 
5908 
5909 
5910 
5911 
5912 
5913 
5914 
5915 
5916 
5917 
5918 
5919 
5920 
5921 
5922 
5923 
5924 
5925 
5926 
5927 
5928 
5929 
5930 
5931 
5932 
5933 
5934 
5935 
5936 
5937 
5938 
5939 
5940 
5941 
5942 
5943 
5944 
5945 
5946 
5947 
5948 
5949 
5950 
5951 
5952 
5953 
5954 
5955 
5956 
5957 
5958 
5959 
5960 
5961 
5962 
5963 
5964 
5965 
5966 
5967 
5968 
5969 
5970 
5971 
5972 
5973 
5974 
5975 
5976 
5977 
5978 
5979 
5980 
5981 
5982 
5983 
5984 
5985 
5986 
5987 
5988 
5989 
5990 
5991 
5992 
5993 
5994 
5995 
5996 
5997 
5998 
5999 
6000 
6001 
6002 
6003 
6004 
6005 
6006 
6007 
6008 
6009 
6010 
6011 
6012 
6013 
6014 
6015 
6016 
6017 
6018 
6019 
6020 
6021 
6022 
6023 
6024 
6025 
6026 
6027 
6028 
6029 
6030 
6031 
6032 
6033 
6034 
6035 
6036 
6037 
6038 
6039 
6040 
6041 
6042 
6043 
6044 
6045 
6046 
6047 
6048 
6049 
6050 
6051 
6052 
6053 
6054 
6055 
6056 
6057 
6058 
6059 
6060 
6061 
6062 
6063 
6064 
6065 
6066 
6067 
6068 
6069 
6070 
6071 
6072 
6073 
6074 
6075 
6076 
6077 
6078 
6079 
6080 
6081 
6082 
6083 
6084 
6085 
6086 
6087 
6088 
6089 
6090 
6091 
6092 
6093 
6094 
6095 
6096 
6097 
6098 
6099 
6100 
6101 
6102 
6103 
6104 
6105 
6106 
6107 
6108 
6109 
6110 
6111 
6112 
6113 
6114 
6115 
6116 
6117 
6118 
6119 
6120 
6121 
6122 
6123 
6124 
6125 
6126 
6127 
6128 
6129 
6130 
6131 
6132 
6133 
6134 
6135 
6136 
6137 
6138 
6139 
6140 
6141 
6142 
6143 
6144 
6145 
6146 
6147 
6148 
6149 
6150 
6151 
6152 
6153 
6154 
6155 
6156 
6157 
6158 
6159 
6160 
6161 
6162 
6163 
6164 
6165 
6166 
6167 
6168 
6169 
6170 
6171 
6172 
6173 
6174 
6175 
6176 
6177 
6178 
6179 
6180 
6181 
6182 
6183 
6184 
6185 
6186 
6187 
6188 
6189 
6190 
6191 
6192 
6193 
6194 
6195 
6196 
6197 
6198 
6199 
6200 
6201 
6202 
6203 
6204 
6205 
6206 
6207 
6208 
6209 
6210 
6211 
6212 
6213 
6214 
6215 
6216 
6217 
6218 
6219 
6220 
6221 
6222 
6223 
6224 
6225 
6226 
6227 
6228 
6229 
6230 
6231 
6232 
6233 
6234 
6235 
6236 
6237 
6238 
6239 
6240 
6241 
6242 
6243 
6244 
6245 
6246 
6247 
6248 
6249 
6250 
6251 
6252 
6253 
6254 
6255 
6256 
6257 
6258 
6259 
6260 
6261 
6262 
6263 
6264 
6265 
6266 
6267 
6268 
6269 
6270 
6271 
6272 
6273 
6274 
6275 
6276 
6277 
6278 
6279 
6280 
6281 
6282 
6283 
6284 
6285 
6286 
6287 
6288 
6289 
6290 
6291 
6292 
6293 
6294 
6295 
6296 
6297 
6298 
6299 
6300 
6301 
6302 
6303 
6304 
6305 
6306 
6307 
6308 
6309 
6310 
6311 
6312 
6313 
6314 
6315 
6316 
6317 
6318 
6319 
6320 
6321 
6322 
6323 
6324 
6325 
6326 
6327 
6328 
6329 
6330 
6331 
6332 
6333 
6334 
6335 
6336 
6337 
6338 
6339 
6340 
6341 
6342 
6343 
6344 
6345 
6346 
6347 
6348 
6349 
6350 
6351 
6352 
6353 
6354 
6355 
6356 
6357 
6358 
6359 
6360 
6361 
6362 
6363 
6364 
6365 
6366 
6367 
6368 
6369 
6370 
6371 
6372 
6373 
6374 
6375 
6376 
6377 
6378 
6379 
6380 
6381 
6382 
6383 
6384 
6385 
6386 
6387 
6388 
6389 
6390 
6391 
6392 
6393 
6394 
6395 
6396 
6397 
6398 
6399 
6400 
6401 
6402 
6403 
6404 
6405 
6406 
6407 
6408 
6409 
6410 
6411 
6412 
6413 
6414 
6415 
6416 
6417 
6418 
6419 
6420 
6421 
6422 
6423 
6424 
6425 
6426 
6427 
6428 
6429 
6430 
6431 
6432 
6433 
6434 
6435 
6436 
6437 
6438 
6439 
6440 
6441 
6442 
6443 
6444 
6445 
6446 
6447 
6448 
6449 
8400 
8401 
8402 
8403 
8404 
8405 
8406 
8407 
8408 
8409 
8410 
8411 
8412 
8413 
8414 
8415 
8416 
8417 
8418 
8419 
8420 
8421 
8422 
8423 
8424 
8425 
8426 
8427 
8428 
8429 
8430 
8431 
8432 
8433 
8434 
8435 
8436 
8437 
8438 
8439 
8440 
8441 
8442 
8443 
8444 
8445 
8446 
8447 
8448 
8449 
8450 
8451 
8452 
8453 
8454 
8455 
8456 
8457 
8458 
8459 
8460 
8461 
8462 
8463 
8464 
8465 
8466 
8467 
8468 
8469 
8470 
8471 
8472 
8473 
8474 
8475 
8476 
8477 
8478 
8479 
8480 
8481 
8482 
8483 
8484 
8485 
8486 
8487 
8488 
8489 
8490 
8491 
8492 
8493 
8494 
8495 
8496 
8497 
8498 
8499 
8500 
8501 
8502 
8503 
8504 
8505 
8506 
8507 
8508 
8509 
8510 
8511 
8512 
8513 
8514 
8515 
8516 
8517 
8518 
8519 
8520 
8521 
8522 
8523 
8524 
8525 
8526 
8527 
8528 
8529 
8530 
8531 
8532 
8533 
8534 
8535 
8536 
8537 
8538 
8539 
8540 
8541 
8542 
8543 
8544 
8545 
8546 
8547 
8548 
8549 
8550 
8551 
8552 
8553 
8554 
8555 
8556 
8557 
8558 
8559 
8560 
8561 
8562 
8563 
8564 
8565 
8566 
8567 
8568 
8569 
8570 
8571 
8572 
8573 
8574 
8575 
8576 
8577 
8578 
8579 
8580 
8581 
8582 
8583 
8584 
8585 
8586 
8587 
8588 
8589 
8590 
8591 
8592 
8593 
8594 
8595 
8596 
8597 
8598 
8599 
8600 
8601 
8602 
8603 
8604 
8605 
8606 
8607 
8608 
8609 
8610 
8611 
8612 
8613 
8614 
8615 
8616 
8617 
8618 
8619 
8620 
8621 
8622 
8623 
8624 
8625 
8626 
8627 
8628 
8629 
8630 
8631 
8632 
8633 
8634 
8635 
8636 
8637 
8638 
8639 
8640 
8641 
8642 
8643 
8644 
8645 
8646 
8647 
8648 
8649 
8650 
8651 
8652 
8653 
8654 
8655 
8656 
8657 
8658 
8659 
8660 
8661 
8662 
8663 
8664 
8665 
8666 
8667 
8668 
8669 
8670 
8671 
8672 
8673 
8674 
8675 
8676 
8677 
8678 
8679 
8680 
8681 
8682 
8683 
8684 
8685 
8686 
8687 
8688 
8689 
8690 
8691 
8692 
8693 
8694 
8695 
8696 
8697 
8698 
8699 
8700 
8701 
8702 
8703 
8704 
8705 
8706 
8707 
8708 
8709 
8710 
8711 
8712 
8713 
8714 
8715 
8716 
8717 
8718 
8719 
8720 
8721 
8722 
8723 
8724 
8725 
8726 
8727 
8728 
8729 
8730 
8731 
8732 
8733 
8734 
8735 
8736 
8737 
8738 
8739 
8740 
8741 
8742 
8743 
8744 
8745 
8746 
8747 
8748 
8749 
8750 
8751 
8752 
8753 
8754 
8755 
8756 
8757 
8758 
8759 
8760 
8761 
8762 
8763 
8764 
8765 
8766 
8767 
8768 
8769 
8770 
8771 
8772 
8773 
8774 
8775 
8776 
8777 
8778 
8779 
8780 
8781 
8782 
8783 
8784 
8785 
8786 
8787 
8788 
8789 
8790 
8791 
8792 
8793 
8794 
8795 
8796 
8797 
8798 
8799 
8800 
8801 
8802 
8803 
8804 
8805 
8806 
8807 
8808 
8809 
8810 
8811 
8812 
8813 
8814 
8815 
8816 
8817 
8818 
8819 
8820 
8821 
8822 
8823 
8824 
8825 
8826 
8827 
8828 
8829 
8830 
8831 
8832 
8833 
8834 
8835 
8836 
8837 
8838 
8839 
8840 
8841 
8842 
8843 
8844 
8845 
8846 
8847 
8848 
8849 
8850 
8851 
8852 
8853 
8854 
8855 
8856 
8857 
8858 
8859 
8860 
8861 
8862 
8863 
8864 
8865 
8866 
8867 
8868 
8869 
8870 
8871 
8872 
8873 
8874 
8875 
8876 
8877 
8878 
8879 
8880 
8881 
8882 
8883 
8884 
8885 
8886 
8887 
8888 
8889 
8890 
8891 
8892 
8893 
8894 
8895 
8896 
8897 
8898 
8899 
8900 
8901 
8902 
8903 
8904 
8905 
8906 
8907 
8908 
8909 
8910 
8911 
8912 
8913 
8914 
8915 
8916 
8917 
8918 
8919 
8920 
8921 
8922 
8923 
8924 
8925 
8926 
8927 
8928 
8929 
8930 
8931 
8932 
8933 
8934 
8935 
8936 
8937 
8938 
8939 
8940 
8941 
8942 
8943 
8944 
8945 
8946 
8947 
8948 
8949 
10900 
10901 
10902 
10903 
10904 
10905 
10906 
10907 
10908 
10909 
10910 
10911 
10912 
10913 
10914 
10915 
10916 
10917 
10918 
10919 
10920 
10921 
10922 
10923 
10924 
10925 
10926 
10927 
10928 
10929 
10930 
10931 
10932 
10933 
10934 
10935 
10936 
10937 
10938 
10939 
10940 
10941 
10942 
10943 
10944 
10945 
10946 
10947 
10948 
10949 
10950 
10951 
10952 
10953 
10954 
10955 
10956 
10957 
10958 
10959 
10960 
10961 
10962 
10963 
10964 
10965 
10966 
10967 
10968 
10969 
10970 
10971 
10972 
10973 
10974 
10975 
10976 
10977 
10978 
10979 
10980 
10981 
10982 
10983 
10984 
10985 
10986 
10987 
10988 
10989 
10990 
10991 
10992 
10993 
10994 
10995 
10996 
10997 
10998 
10999 
11000 
11001 
11002 
11003 
11004 
11005 
11006 
11007 
11008 
11009 
11010 
11011 
11012 
11013 
11014 
11015 
11016 
11017 
11018 
11019 
11020 
11021 
11022 
11023 
11024 
11025 
11026 
11027 
11028 
11029 
11030 
11031 
11032 
11033 
11034 
11035 
11036 
11037 
11038 
11039 
11040 
11041 
11042 
11043 
11044 
11045 
11046 
11047 
11048 
11049 
11050 
11051 
11052 
11053 
11054 
11055 
11056 
11057 
11058 
11059 
11060 
11061 
11062 
11063 
11064 
11065 
11066 
11067 
11068 
11069 
11070 
11071 
11072 
11073 
11074 
11075 
11076 
11077 
11078 
11079 
11080 
11081 
11082 
11083 
11084 
11085 
11086 
11087 
11088 
11089 
11090 
11091 
11092 
11093 
11094 
11095 
11096 
11097 
11098 
11099 
11100 
11101 
11102 
11103 
11104 
11105 
11106 
11107 
11108 
11109 
11110 
11111 
11112 
11113 
11114 
11115 
11116 
11117 
11118 
11119 
11120 
11121 
11122 
11123 
11124 
11125 
11126 
11127 
11128 
11129 
11130 
11131 
11132 
11133 
11134 
11135 
11136 
11137 
11138 
11139 
11140 
11141 
11142 
11143 
11144 
11145 
11146 
11147 
11148 
11149 
11150 
11151 
11152 
11153 
11154 
11155 
11156 
11157 
11158 
11159 
11160 
11161 
11162 
11163 
11164 
11165 
11166 
11167 
11168 
11169 
11170 
11171 
11172 
11173 
11174 
11175 
11176 
11177 
11178 
11179 
11180 
11181 
11182 
11183 
11184 
11185 
11186 
11187 
11188 
11189 
11190 
11191 
11192 
11193 
11194 
11195 
11196 
11197 
11198 
11199 
11200 
11201 
11202 
11203 
11204 
11205 
11206 
11207 
11208 
11209 
11210 
11211 
11212 
11213 
11214 
11215 
11216 
11217 
11218 
11219 
11220 
11221 
11222 
11223 
11224 
11225 
11226 
11227 
11228 
11229 
11230 
11231 
11232 
11233 
11234 
11235 
11236 
11237 
11238 
11239 
11240 
11241 
11242 
11243 
11244 
11245 
11246 
11247 
11248 
11249 
11250 
11251 
11252 
11253 
11254 
11255 
11256 
11257 
11258 
11259 
11260 
11261 
11262 
11263 
11264 
11265 
11266 
11267 
11268 
11269 
11270 
11271 
11272 
11273 
11274 
11275 
11276 
11277 
11278 
11279 
11280 
11281 
11282 
11283 
11284 
11285 
11286 
11287 
11288 
11289 
11290 
11291 
11292 
11293 
11294 
11295 
11296 
11297 
11298 
11299 
11300 
11301 
11302 
11303 
11304 
11305 
11306 
11307 
11308 
11309 
11310 
11311 
11312 
11313 
11314 
11315 
11316 
11317 
11318 
11319 
11320 
11321 
11322 
11323 
11324 
11325 
11326 
11327 
11328 
11329 
11330 
11331 
11332 
11333 
11334 
11335 
11336 
11337 
11338 
11339 
11340 
11341 
11342 
11343 
11344 
11345 
11346 
11347 
11348 
11349 
11350 
11351 
11352 
11353 
11354 
11355 
11356 
11357 
11358 
11359 
11360 
11361 
11362 
11363 
11364 
11365 
11366 
11367 
11368 
11369 
11370 
11371 
11372 
11373 
11374 
11375 
11376 
11377 
11378 
11379 
11380 
11381 
11382 
11383 
11384 
11385 
11386 
11387 
11388 
11389 
11390 
11391 
11392 
11393 
11394 
11395 
11396 
11397 
11398 
11399 
11400 
11401 
11402 
11403 
11404 
11405 
11406 
11407 
11408 
11409 
11410 
11411 
11412 
11413 
11414 
11415 
11416 
11417 
11418 
11419 
11420 
11421 
11422 
11423 
11424 
11425 
11426 
11427 
11428 
11429 
11430 
11431 
11432 
11433 
11434 
11435 
11436 
11437 
11438 
11439 
11440 
11441 
11442 
11443 
11444 
11445 
11446 
11447 
11448 
11449 
13400 
13401 
13402 
13403 
13404 
13405 
13406 
13407 
13408 
13409 
13410 
13411 
13412 
13413 
13414 
13415 
13416 
13417 
13418 
13419 
13420 
13421 
13422 
13423 
13424 
13425 
13426 
13427 
13428 
13429 
13430 
13431 
13432 
13433 
13434 
13435 
13436 
13437 
13438 
13439 
13440 
13441 
13442 
13443 
13444 
13445 
13446 
13447 
13448 
13449 
13450 
13451 
13452 
13453 
13454 
13455 
13456 
13457 
13458 
13459 
13460 
13461 
13462 
13463 
13464 
13465 
13466 
13467 
13468 
13469 
13470 
13471 
13472 
13473 
13474 
13475 
13476 
13477 
13478 
13479 
13480 
13481 
13482 
13483 
13484 
13485 
13486 
13487 
13488 
13489 
13490 
13491 
13492 
13493 
13494 
13495 
13496 
13497 
13498 
13499 
13500 
13501 
13502 
13503 
13504 
13505 
13506 
13507 
13508 
13509 
13510 
13511 
13512 
13513 
13514 
13515 
13516 
13517 
13518 
13519 
13520 
13521 
13522 
13523 
13524 
13525 
13526 
13527 
13528 
13529 
13530 
13531 
13532 
13533 
13534 
13535 
13536 
13537 
13538 
13539 
13540 
13541 
13542 
13543 
13544 
13545 
13546 
13547 
13548 
13549 
13550 
13551 
13552 
13553 
13554 
13555 
13556 
13557 
13558 
13559 
13560 
13561 
13562 
13563 
13564 
13565 
13566 
13567 
13568 
13569 
13570 
13571 
13572 
13573 
13574 
13575 
13576 
13577 
13578 
13579 
13580 
13581 
13582 
13583 
13584 
13585 
13586 
13587 
13588 
13589 
13590 
13591 
13592 
13593 
13594 
13595 
13596 
13597 
13598 
13599 
13600 
13601 
13602 
13603 
13604 
13605 
13606 
13607 
13608 
13609 
13610 
13611 
13612 
13613 
13614 
13615 
13616 
13617 
13618 
13619 
13620 
13621 
13622 
13623 
13624 
13625 
13626 
13627 
13628 
13629 
13630 
13631 
13632 
13633 
13634 
13635 
13636 
13637 
13638 
13639 
13640 
13641 
13642 
13643 
13644 
13645 
13646 
13647 
13648 
13649 
13650 
13651 
13652 
13653 
13654 
13655 
13656 
13657 
13658 
13659 
13660 
13661 
13662 
13663 
13664 
13665 
13666 
13667 
13668 
13669 
13670 
13671 
13672 
13673 
13674 
13675 
13676 
13677 
13678 
13679 
13680 
13681 
13682 
13683 
13684 
13685 
13686 
13687 
13688 
13689 
13690 
13691 
13692 
13693 
13694 
13695 
13696 
13697 
13698 
13699 
13700 
13701 
13702 
13703 
13704 
13705 
13706 
13707 
13708 
13709 
13710 
13711 
13712 
13713 
13714 
13715 
13716 
13717 
13718 
13719 
13720 
13721 
13722 
13723 
13724 
13725 
13726 
13727 
13728 
13729 
13730 
13731 
13732 
13733 
13734 
13735 
13736 
13737 
13738 
13739 
13740 
13741 
13742 
13743 
13744 
13745 
13746 
13747 
13748 
13749 
13750 
13751 
13752 
13753 
13754 
13755 
13756 
13757 
13758 
13759 
13760 
13761 
13762 
13763 
13764 
13765 
13766 
13767 
13768 
13769 
13770 
13771 
13772 
13773 
13774 
13775 
13776 
13777 
13778 
13779 
13780 
13781 
13782 
13783 
13784 
13785 
13786 
13787 
13788 
13789 
13790 
13791 
13792 
13793 
13794 
13795 
13796 
13797 
13798 
13799 
13800 
13801 
13802 
13803 
13804 
13805 
13806 
13807 
13808 
13809 
13810 
13811 
13812 
13813 
13814 
13815 
13816 
13817 
13818 
13819 
13820 
13821 
13822 
13823 
13824 
13825 
13826 
13827 
13828 
13829 
13830 
13831 
13832 
13833 
13834 
13835 
13836 
13837 
13838 
13839 
13840 
13841 
13842 
13843 
13844 
13845 
13846 
13847 
13848 
13849 
13850 
13851 
13852 
13853 
13854 
13855 
13856 
13857 
13858 
13859 
13860 
13861 
13862 
13863 
13864 
13865 
13866 
13867 
13868 
13869 
13870 
13871 
13872 
13873 
13874 
13875 
13876 
13877 
13878 
13879 
13880 
13881 
13882 
13883 
13884 
13885 
13886 
13887 
13888 
13889 
13890 
13891 
13892 
13893 
13894 
13895 
13896 
13897 
13898 
13899 
13900 
13901 
13902 
13903 
13904 
13905 
13906 
13907 
13908 
13909 
13910 
13911 
13912 
13913 
13914 
13915 
13916 
13917 
13918 
13919 
13920 
13921 
13922 
13923 
13924 
13925 
13926 
13927 
13928 
13929 
13930 
13931 
13932 
13933 
13934 
13935 
13936 
13937 
13938 
13939 
13940 
13941 
13942 
13943 
13944 
13945 
13946 
13947 
13948 
13949 
)

// ************************************************************************* //
