/*--------------------------------*- C++ -*----------------------------------*\
  =========                 |
  \\      /  F ield         | OpenFOAM: The Open Source CFD Toolbox
   \\    /   O peration     | Website:  https://openfoam.org
    \\  /    A nd           | Version:  9
     \\/     M anipulation  |
\*---------------------------------------------------------------------------*/
FoamFile
{
    format      binary;
    class       cellSet;
    location    "constant/polyMesh/sets";
    object      protectedCells;
}
// * * * * * * * * * * * * * * * * * * * * * * * * * * * * * * * * * * * * * //


600
(
8350 
8351 
8352 
8353 
8354 
8355 
8356 
8357 
8358 
8359 
8360 
8361 
8362 
8363 
8364 
8365 
8366 
8367 
8368 
8369 
8370 
8371 
8372 
8373 
8374 
8375 
8376 
8377 
8378 
8379 
8380 
8381 
8382 
8383 
8384 
8385 
8386 
8387 
8388 
8389 
8390 
8391 
8392 
8393 
8394 
8395 
8396 
8397 
8398 
8399 
8950 
8951 
8952 
8953 
8954 
8955 
8956 
8957 
8958 
8959 
8960 
8961 
8962 
8963 
8964 
8965 
8966 
8967 
8968 
8969 
8970 
8971 
8972 
8973 
8974 
8975 
8976 
8977 
8978 
8979 
8980 
8981 
8982 
8983 
8984 
8985 
8986 
8987 
8988 
8989 
8990 
8991 
8992 
8993 
8994 
8995 
8996 
8997 
8998 
8999 
13350 
13351 
13352 
13353 
13354 
13355 
13356 
13357 
13358 
13359 
13360 
13361 
13362 
13363 
13364 
13365 
13366 
13367 
13368 
13369 
13370 
13371 
13372 
13373 
13374 
13375 
13376 
13377 
13378 
13379 
13380 
13381 
13382 
13383 
13384 
13385 
13386 
13387 
13388 
13389 
13390 
13391 
13392 
13393 
13394 
13395 
13396 
13397 
13398 
13399 
13950 
13951 
13952 
13953 
13954 
13955 
13956 
13957 
13958 
13959 
13960 
13961 
13962 
13963 
13964 
13965 
13966 
13967 
13968 
13969 
13970 
13971 
13972 
13973 
13974 
13975 
13976 
13977 
13978 
13979 
13980 
13981 
13982 
13983 
13984 
13985 
13986 
13987 
13988 
1700 
13989 
1701 
13990 
1702 
13991 
1703 
13992 
1704 
13993 
1705 
13994 
1706 
13995 
1707 
13996 
1708 
13997 
1709 
13998 
1710 
13999 
1711 
1712 
1713 
1714 
1715 
1716 
1717 
1718 
1719 
1720 
1721 
1722 
1723 
1724 
1725 
1726 
1727 
1728 
1729 
1730 
1731 
1732 
1733 
1734 
1735 
1736 
1737 
1738 
1739 
1740 
1741 
1742 
1743 
1744 
1745 
1746 
1747 
1748 
1749 
1750 
1751 
1752 
1753 
5850 
1754 
5851 
1755 
5852 
1756 
5853 
1757 
5854 
1758 
5855 
1759 
5856 
1760 
5857 
1761 
5858 
1762 
5859 
1763 
5860 
1764 
5861 
1765 
5862 
1766 
5863 
1767 
5864 
1768 
5865 
1769 
5866 
1770 
5867 
1771 
5868 
1772 
5869 
1773 
5870 
1774 
5871 
1775 
5872 
1776 
5873 
1777 
5874 
1778 
5875 
1779 
5876 
1780 
5877 
1781 
5878 
1782 
5879 
1783 
5880 
1784 
5881 
1785 
5882 
1786 
5883 
1787 
5884 
1788 
5885 
1789 
5886 
1790 
5887 
1791 
5888 
1792 
5889 
1793 
5890 
1794 
5891 
1795 
5892 
1796 
5893 
1797 
5894 
1798 
5895 
1799 
5896 
5897 
5898 
5899 
6450 
6451 
6452 
6453 
6454 
6455 
6456 
6457 
6458 
6459 
6460 
6461 
6462 
6463 
6464 
6465 
6466 
6467 
6468 
6469 
6470 
6471 
6472 
6473 
6474 
6475 
6476 
6477 
6478 
6479 
6480 
6481 
6482 
6483 
6484 
6485 
6486 
6487 
6488 
6489 
6490 
6491 
6492 
6493 
6494 
6495 
6496 
6497 
6498 
6499 
10850 
10851 
10852 
10853 
10854 
10855 
10856 
10857 
10858 
10859 
10860 
10861 
10862 
10863 
10864 
10865 
10866 
10867 
10868 
10869 
10870 
10871 
10872 
10873 
10874 
10875 
10876 
10877 
10878 
10879 
10880 
10881 
10882 
10883 
10884 
10885 
10886 
10887 
10888 
10889 
10890 
10891 
10892 
10893 
10894 
10895 
10896 
10897 
10898 
10899 
2900 
2901 
2902 
2903 
2904 
2905 
2906 
2907 
2908 
2909 
2910 
2911 
2912 
2913 
2914 
2915 
2916 
2917 
2918 
2919 
2920 
2921 
2922 
2923 
2924 
2925 
2926 
2927 
2928 
2929 
2930 
2931 
2932 
2933 
2934 
2935 
2936 
2937 
2938 
2939 
2940 
2941 
2942 
2943 
2944 
2945 
2946 
2947 
2948 
2949 
2950 
2951 
2952 
2953 
2954 
2955 
2956 
2957 
2958 
2959 
2960 
2961 
2962 
2963 
2964 
2965 
2966 
2967 
2968 
2969 
2970 
2971 
2972 
2973 
2974 
2975 
2976 
2977 
2978 
2979 
2980 
2981 
2982 
2983 
2984 
2985 
2986 
2987 
2988 
2989 
2990 
2991 
2992 
2993 
2994 
2995 
2996 
2997 
2998 
2999 
11450 
11451 
11452 
11453 
11454 
11455 
11456 
11457 
11458 
11459 
11460 
11461 
11462 
11463 
11464 
11465 
11466 
11467 
11468 
11469 
11470 
11471 
11472 
11473 
11474 
11475 
11476 
11477 
11478 
11479 
11480 
11481 
11482 
11483 
11484 
11485 
11486 
11487 
11488 
11489 
11490 
11491 
11492 
11493 
11494 
11495 
11496 
11497 
11498 
11499 
)

// ************************************************************************* //
